27
 	111
A	1010
B	100000
C	00000
D	10110
E	010
F	110011
G	100001
H	0001
I	0110
J	1100001000
K	11000011
L	10111
M	110010
N	0111
O	1001
P	100010
Q	1100001001
R	0010
S	0011
T	1101
U	00001
V	1100000
W	110001
X	1100001010
Y	100011
Z	1100001011
50 0 0
45 0 0
33 0 0
37 0 0
39 0 0
48 0 0
36 0 0
33 0 0
41 0 0
43 0 0
28 0 0
31 0 0
39 0 0
36 0 0
43 0 0
44 0 0
34 0 0
28 0 0
42 0 0
42 0 0
46 0 0
37 0 0
32 0 0
35 0 0
29 0 0
34 0 0
29 0 0
30 11 18
30 25 27
31 28 29
32 30 12
35 23 31
38 3 8
38 17 26
40 32 24
40 14 7
41 4 22
44 33 34
45 5 13
46 35 36
47 37 9
47 19 20
48 10 15
49 38 16
49 2 39
50 40 21
51 41 42
51 6 43
52 44 45
52 46 1
53 47 48
53 49 50
0 51 52
